<?xml version="1.0" encoding="utf-8"?>
<COLLADA xmlns="http://www.collada.org/2005/11/COLLADASchema" version="1.4.1">
  <asset><contributor><author></author><authoring_tool>FBX COLLADA exporter</authoring_tool><comments></comments></contributor><created>2015-10-09T19:24:53Z</created><keywords></keywords><modified>2015-10-09T19:24:53Z</modified><revision></revision><subject></subject><title></title><unit meter="0.025400" name="centimeter"></unit><up_axis>Y_UP</up_axis></asset>
  <library_animations>
    <animation id="Aerial_Cam_Site_360_(1500x1125)-anim" name="Aerial_Cam_Site_360_(1500x1125)"><animation><source id="Aerial_Cam_Site_360_(1500x1125)-Matrix-animation-input"><float_array id="Aerial_Cam_Site_360_(1500x1125)-Matrix-animation-input-array" count="73">

0.000000 0.033333 0.066667 0.100000 0.133333 0.166667 0.200000 0.233333 0.266667 0.300000 0.333333 0.366667 0.400000 0.433333 0.466667 0.500000
0.533333 0.566667 0.600000 0.633333 0.666667 0.700000 0.733333 0.766667 0.800000 0.833333 0.866667 0.900000 0.933333 0.966667 1.000000 1.033333
1.066667 1.100000 1.133333 1.166667 1.200000 1.233333 1.266667 1.300000 1.333333 1.366667 1.400000 1.433333 1.466667 1.500000 1.533333 1.566667
1.600000 1.633333 1.666667 1.700000 1.733333 1.766667 1.800000 1.833333 1.866667 1.900000 1.933333 1.966667 2.000000 2.033333 2.066667 2.100000
2.133333 2.166667 2.200000 2.233333 2.266667 2.300000 2.333333 2.366667 2.400000</float_array><technique_common><accessor source="#Aerial_Cam_Site_360_(1500x1125)-Matrix-animation-input-array" count="73"><param name="TIME" type="float"/></accessor></technique_common></source><source id="Aerial_Cam_Site_360_(1500x1125)-Matrix-animation-output-transform"><float_array id="Aerial_Cam_Site_360_(1500x1125)-Matrix-animation-output-transform-array" count="1168">

0.948016 0.134487 -0.288408 -12013.968750 -0.000000 0.906308 0.422618 18038.533203 0.318223 -0.400649 0.859194 35608.785156 0.000000 0.000000 0.000000 1.000000
0.972143 0.099056 -0.212427 -8960.957031 -0.000000 0.906308 0.422618 18038.533203 0.234387 -0.410845 0.881061 36474.191406 0.000000 0.000000 0.000000 1.000000
0.988872 0.062872 -0.134829 -5844.131836 -0.000000 0.906308 0.422618 18038.533203 0.148767 -0.417915 0.896223 37070.214844 0.000000 0.000000 0.000000 1.000000
0.998075 0.026209 -0.056205 -2687.226563 -0.000000 0.906308 0.422618 18038.533203 0.062015 -0.421805 0.904563 37392.316406 0.000000 0.000000 0.000000 1.000000
0.999682 -0.010654 0.022847 485.739136 -0.000000 0.906308 0.422618 18038.533203 -0.025209 -0.422484 0.906020 37438.050781 0.000000 0.000000 0.000000 1.000000
0.993681 -0.047435 0.101725 3650.623047 -0.000000 0.906308 0.422618 18038.533203 -0.112241 -0.419948 0.900581 37207.074219 0.000000 0.000000 0.000000 1.000000
0.980117 -0.083855 0.179829 6783.329102 0.000000 0.906308 0.422618 18038.533203 -0.198419 -0.414215 0.888288 36701.136719 0.000000 0.000000 0.000000 1.000000
0.959094 -0.119638 0.256564 9860.021484 0.000000 0.906308 0.422618 18038.533203 -0.283087 -0.405331 0.869235 35924.089844 0.000000 0.000000 0.000000 1.000000
0.930772 -0.154509 0.331346 12857.275391 0.000000 0.906308 0.422618 18038.533203 -0.365600 -0.393361 0.843566 34881.847656 0.000000 0.000000 0.000000 1.000000
0.895366 -0.188205 0.403607 15752.285156 0.000000 0.906308 0.422618 18038.533203 -0.445331 -0.378398 0.811477 33582.347656 0.000000 0.000000 0.000000 1.000000
0.853146 -0.220468 0.472796 18523.027344 0.000000 0.906308 0.422618 18038.533203 -0.521673 -0.360555 0.773213 32035.466797 0.000000 0.000000 0.000000 1.000000
0.804432 -0.251054 0.538387 21148.398438 0.000000 0.906308 0.422618 18038.533203 -0.594044 -0.339968 0.729064 30252.994141 0.000000 0.000000 0.000000 1.000000
0.749597 -0.279729 0.599880 23608.441406 0.000000 0.906308 0.422618 18038.533203 -0.661895 -0.316793 0.679366 28248.490234 0.000000 0.000000 0.000000 1.000000
0.689057 -0.306275 0.656808 25884.402344 0.000000 0.906308 0.422618 18038.533203 -0.724707 -0.291208 0.624498 26037.205078 0.000000 0.000000 0.000000 1.000000
0.623272 -0.330489 0.708737 27958.988281 0.000000 0.906308 0.422618 18038.533203 -0.782005 -0.263406 0.564876 23635.962891 0.000000 0.000000 0.000000 1.000000
0.552744 -0.352189 0.755273 29816.390625 0.000000 0.906308 0.422618 18038.533203 -0.833351 -0.233600 0.500956 21063.056641 0.000000 0.000000 0.000000 1.000000
0.478010 -0.371209 0.796060 31442.484375 -0.000000 0.906308 0.422618 18038.533203 -0.878355 -0.202016 0.433224 18338.052734 0.000000 0.000000 0.000000 1.000000
0.399637 -0.387403 0.830788 32824.898438 -0.000000 0.906308 0.422618 18038.533203 -0.916674 -0.168894 0.362194 15481.699219 0.000000 0.000000 0.000000 1.000000
0.318223 -0.400649 0.859194 33953.093750 0.000000 0.906308 0.422618 18038.533203 -0.948016 -0.134487 0.288408 12515.728516 0.000000 0.000000 0.000000 1.000000
0.234387 -0.410846 0.881061 34818.500000 -0.000000 0.906308 0.422618 18038.533203 -0.972143 -0.099056 0.212427 9462.716797 0.000000 0.000000 0.000000 1.000000
0.148767 -0.417915 0.896223 35414.523438 -0.000000 0.906308 0.422618 18038.533203 -0.988872 -0.062872 0.134829 6345.892578 0.000000 0.000000 0.000000 1.000000
0.062015 -0.421805 0.904564 35736.625000 0.000000 0.906308 0.422618 18038.533203 -0.998075 -0.026209 0.056205 3188.983643 0.000000 0.000000 0.000000 1.000000
-0.025209 -0.422484 0.906020 35782.367188 0.000000 0.906308 0.422618 18038.533203 -0.999682 0.010654 -0.022847 16.024048 0.000000 0.000000 0.000000 1.000000
-0.112241 -0.419948 0.900581 35551.382813 -0.000000 0.906308 0.422618 18038.533203 -0.993681 0.047435 -0.101725 -3148.864502 0.000000 0.000000 0.000000 1.000000
-0.198419 -0.414215 0.888288 35045.445313 -0.000000 0.906308 0.422618 18038.533203 -0.980117 0.083855 -0.179829 -6281.559570 0.000000 0.000000 0.000000 1.000000
-0.283087 -0.405331 0.869234 34268.398438 0.000000 0.906308 0.422618 18038.533203 -0.959094 0.119638 -0.256564 -9358.259766 0.000000 0.000000 0.000000 1.000000
-0.365600 -0.393361 0.843566 33226.156250 0.000000 0.906308 0.422618 18038.533203 -0.930772 0.154509 -0.331346 -12355.505859 0.000000 0.000000 0.000000 1.000000
-0.445331 -0.378398 0.811477 31926.644531 -0.000000 0.906308 0.422618 18038.533203 -0.895366 0.188205 -0.403607 -15250.519531 0.000000 0.000000 0.000000 1.000000
-0.521673 -0.360555 0.773213 30379.773438 -0.000000 0.906308 0.422618 18038.533203 -0.853146 0.220468 -0.472796 -18021.259766 0.000000 0.000000 0.000000 1.000000
-0.594044 -0.339968 0.729063 28597.289063 0.000000 0.906308 0.422618 18038.533203 -0.804432 0.251054 -0.538387 -20646.650391 0.000000 0.000000 0.000000 1.000000
-0.661895 -0.316793 0.679365 26592.777344 0.000000 0.906308 0.422618 18038.533203 -0.749597 0.279729 -0.599881 -23106.685547 0.000000 0.000000 0.000000 1.000000
-0.724708 -0.291208 0.624497 24381.500000 0.000000 0.906308 0.422618 18038.533203 -0.689056 0.306275 -0.656808 -25382.642578 0.000000 0.000000 0.000000 1.000000
-0.782005 -0.263406 0.564876 21980.261719 -0.000000 0.906308 0.422618 18038.533203 -0.623272 0.330490 -0.708738 -27457.228516 0.000000 0.000000 0.000000 1.000000
-0.833351 -0.233600 0.500956 19407.359375 0.000000 0.906308 0.422618 18038.533203 -0.552744 0.352189 -0.755273 -29314.623047 0.000000 0.000000 0.000000 1.000000
-0.878355 -0.202016 0.433224 16682.363281 0.000000 0.906308 0.422618 18038.533203 -0.478010 0.371209 -0.796060 -30940.716797 0.000000 0.000000 0.000000 1.000000
-0.916673 -0.168894 0.362194 13826.000000 0.000000 0.906308 0.422618 18038.533203 -0.399637 0.387403 -0.830788 -32323.123047 0.000000 0.000000 0.000000 1.000000
-0.948016 -0.134487 0.288408 10860.029297 0.000000 0.906308 0.422618 18038.533203 -0.318223 0.400649 -0.859194 -33451.316406 0.000000 0.000000 0.000000 1.000000
-0.972143 -0.099056 0.212427 7807.007813 -0.000000 0.906308 0.422618 18038.533203 -0.234387 0.410846 -0.881061 -34316.730469 0.000000 0.000000 0.000000 1.000000
-0.988872 -0.062872 0.134829 4690.189453 -0.000000 0.906308 0.422618 18038.533203 -0.148767 0.417915 -0.896223 -34912.753906 0.000000 0.000000 0.000000 1.000000
-0.998075 -0.026209 0.056205 1533.280762 0.000000 0.906308 0.422618 18038.533203 -0.062015 0.421805 -0.904563 -35234.855469 0.000000 0.000000 0.000000 1.000000
-0.999682 0.010654 -0.022847 -1639.685181 0.000000 0.906308 0.422618 18038.533203 0.025209 0.422484 -0.906020 -35280.589844 0.000000 0.000000 0.000000 1.000000
-0.993681 0.047435 -0.101725 -4804.555664 0.000000 0.906308 0.422618 18038.533203 0.112241 0.419948 -0.900581 -35049.613281 0.000000 0.000000 0.000000 1.000000
-0.980117 0.083855 -0.179829 -7937.265625 -0.000000 0.906308 0.422618 18038.533203 0.198419 0.414215 -0.888288 -34543.675781 0.000000 0.000000 0.000000 1.000000
-0.959094 0.119638 -0.256564 -11013.958984 -0.000000 0.906308 0.422618 18038.533203 0.283087 0.405331 -0.869235 -33766.621094 0.000000 0.000000 0.000000 1.000000
-0.930772 0.154509 -0.331346 -14011.212891 -0.000000 0.906308 0.422618 18038.533203 0.365600 0.393361 -0.843566 -32724.384766 0.000000 0.000000 0.000000 1.000000
-0.895366 0.188205 -0.403607 -16906.230469 0.000000 0.906308 0.422618 18038.533203 0.445331 0.378398 -0.811477 -31424.880859 0.000000 0.000000 0.000000 1.000000
-0.853146 0.220468 -0.472796 -19676.964844 -0.000000 0.906308 0.422618 18038.533203 0.521673 0.360555 -0.773213 -29878.005859 0.000000 0.000000 0.000000 1.000000
-0.804432 0.251054 -0.538387 -22302.359375 0.000000 0.906308 0.422618 18038.533203 0.594045 0.339968 -0.729063 -28095.521484 0.000000 0.000000 0.000000 1.000000
-0.749597 0.279729 -0.599880 -24762.378906 0.000000 0.906308 0.422619 18038.533203 0.661895 0.316793 -0.679365 -26091.025391 0.000000 0.000000 0.000000 1.000000
-0.689056 0.306275 -0.656808 -27038.351563 -0.000000 0.906308 0.422618 18038.533203 0.724708 0.291208 -0.624497 -23879.728516 0.000000 0.000000 0.000000 1.000000
-0.623272 0.330490 -0.708737 -29112.925781 0.000000 0.906308 0.422618 18038.533203 0.782005 0.263406 -0.564876 -21478.505859 0.000000 0.000000 0.000000 1.000000
-0.552744 0.352189 -0.755273 -30970.335938 0.000000 0.906308 0.422618 18038.533203 0.833351 0.233600 -0.500956 -18905.583984 0.000000 0.000000 0.000000 1.000000
-0.478009 0.371209 -0.796060 -32596.421875 0.000000 0.906308 0.422619 18038.533203 0.878355 0.202016 -0.433224 -16180.593750 0.000000 0.000000 0.000000 1.000000
-0.399637 0.387403 -0.830788 -33978.820313 0.000000 0.906308 0.422618 18038.533203 0.916674 0.168894 -0.362194 -13324.236328 0.000000 0.000000 0.000000 1.000000
-0.318223 0.400649 -0.859194 -35107.015625 -0.000000 0.906308 0.422618 18038.533203 0.948016 0.134487 -0.288408 -10358.265625 0.000000 0.000000 0.000000 1.000000
-0.234386 0.410846 -0.881061 -35972.421875 -0.000000 0.906308 0.422618 18038.533203 0.972144 0.099056 -0.212426 -7305.236328 0.000000 0.000000 0.000000 1.000000
-0.148767 0.417915 -0.896223 -36568.437500 0.000000 0.906308 0.422618 18038.533203 0.988872 0.062872 -0.134829 -4188.433594 0.000000 0.000000 0.000000 1.000000
-0.062014 0.421805 -0.904563 -36890.539063 0.000000 0.906308 0.422618 18038.533203 0.998075 0.026208 -0.056204 -1031.509399 0.000000 0.000000 0.000000 1.000000
0.025209 0.422484 -0.906020 -36936.281250 -0.000000 0.906308 0.422618 18038.533203 0.999682 -0.010654 0.022847 2141.456299 0.000000 0.000000 0.000000 1.000000
0.112241 0.419947 -0.900581 -36705.296875 -0.000000 0.906308 0.422618 18038.533203 0.993681 -0.047435 0.101725 5306.335938 0.000000 0.000000 0.000000 1.000000
0.198419 0.414215 -0.888288 -36199.367188 -0.000000 0.906308 0.422618 18038.533203 0.980117 -0.083855 0.179829 8439.023438 0.000000 0.000000 0.000000 1.000000
0.283087 0.405331 -0.869235 -35422.312500 -0.000000 0.906308 0.422618 18038.533203 0.959094 -0.119638 0.256564 11515.732422 0.000000 0.000000 0.000000 1.000000
0.365600 0.393361 -0.843566 -34380.070313 -0.000000 0.906308 0.422618 18038.533203 0.930772 -0.154509 0.331346 14512.984375 0.000000 0.000000 0.000000 1.000000
0.445331 0.378398 -0.811477 -33080.578125 -0.000000 0.906308 0.422618 18038.533203 0.895366 -0.188205 0.403607 17407.994141 0.000000 0.000000 0.000000 1.000000
0.521672 0.360555 -0.773213 -31533.710938 -0.000000 0.906308 0.422618 18038.533203 0.853146 -0.220468 0.472796 20178.716797 0.000000 0.000000 0.000000 1.000000
0.594044 0.339968 -0.729063 -29751.230469 -0.000000 0.906308 0.422618 18038.533203 0.804432 -0.251054 0.538387 22804.111328 0.000000 0.000000 0.000000 1.000000
0.661895 0.316793 -0.679365 -27746.722656 -0.000000 0.906308 0.422618 18038.533203 0.749597 -0.279729 0.599881 25264.146484 0.000000 0.000000 0.000000 1.000000
0.724707 0.291208 -0.624498 -25535.437500 -0.000000 0.906308 0.422618 18038.533203 0.689057 -0.306274 0.656808 27540.107422 0.000000 0.000000 0.000000 1.000000
0.782005 0.263406 -0.564877 -23134.203125 -0.000000 0.906308 0.422618 18038.533203 0.623272 -0.330489 0.708737 29614.689453 0.000000 0.000000 0.000000 1.000000
0.833351 0.233600 -0.500957 -20561.292969 -0.000000 0.906308 0.422618 18038.533203 0.552744 -0.352189 0.755273 31472.091797 0.000000 0.000000 0.000000 1.000000
0.878354 0.202016 -0.433224 -17836.308594 -0.000000 0.906308 0.422618 18038.533203 0.478010 -0.371208 0.796060 33098.183594 0.000000 0.000000 0.000000 1.000000
0.916673 0.168894 -0.362194 -14979.931641 -0.000000 0.906308 0.422618 18038.533203 0.399637 -0.387403 0.830788 34480.589844 0.000000 0.000000 0.000000 1.000000
0.948016 0.134487 -0.288408 -12013.962891 -0.000000 0.906308 0.422618 18038.533203 0.318223 -0.400649 0.859194 35608.785156 0.000000 0.000000 0.000000 1.000000</float_array><technique_common><accessor source="#Aerial_Cam_Site_360_(1500x1125)-Matrix-animation-output-transform-array" count="73" stride="16"><param type="float4x4"/></accessor></technique_common></source><source id="Aerial_Cam_Site_360_(1500x1125)-Interpolations"><Name_array id="Aerial_Cam_Site_360_(1500x1125)-Interpolations-array" count="73">
 LINEAR LINEAR LINEAR LINEAR LINEAR LINEAR LINEAR LINEAR LINEAR LINEAR LINEAR
LINEAR LINEAR LINEAR LINEAR LINEAR LINEAR LINEAR LINEAR LINEAR LINEAR LINEAR LINEAR
LINEAR LINEAR LINEAR LINEAR LINEAR LINEAR LINEAR LINEAR LINEAR LINEAR LINEAR LINEAR
LINEAR LINEAR LINEAR LINEAR LINEAR LINEAR LINEAR LINEAR LINEAR LINEAR LINEAR LINEAR
LINEAR LINEAR LINEAR LINEAR LINEAR LINEAR LINEAR LINEAR LINEAR LINEAR LINEAR LINEAR
LINEAR LINEAR LINEAR LINEAR LINEAR LINEAR LINEAR LINEAR LINEAR LINEAR LINEAR LINEAR
LINEAR LINEAR</Name_array><technique_common><accessor source="#Aerial_Cam_Site_360_(1500x1125)-Interpolations-array" count="73"><param type="name"/></accessor></technique_common></source><sampler id="Aerial_Cam_Site_360_(1500x1125)-Matrix-animation-transform"><input semantic="INPUT" source="#Aerial_Cam_Site_360_(1500x1125)-Matrix-animation-input"/><input semantic="OUTPUT" source="#Aerial_Cam_Site_360_(1500x1125)-Matrix-animation-output-transform"/><input semantic="INTERPOLATION" source="#Aerial_Cam_Site_360_(1500x1125)-Interpolations"/></sampler><channel source="#Aerial_Cam_Site_360_(1500x1125)-Matrix-animation-transform" target="Aerial_Cam_Site_360_(1500x1125)/matrix"/></animation></animation>
  </library_animations>
  <library_visual_scenes>
    <visual_scene id="Cam" name="Cam">
      <node name="Aerial_Cam_Site_360_(1500x1125)" id="Aerial_Cam_Site_360_(1500x1125)" layer="__CAMS" sid="Aerial_Cam_Site_360_(1500x1125)"><matrix sid="matrix">0.948016 0.134487 -0.288408 -12013.968750 -0.000000 0.906308 0.422618 18038.533203 0.318223 -0.400649 0.859194 35608.785156 0.000000 0.000000 0.000000 1.000000</matrix><extra><technique profile="FCOLLADA"><visibility>1.000000</visibility></technique></extra></node>
      <extra><technique profile="MAX3D"><frame_rate>30.000000</frame_rate></technique><technique profile="FCOLLADA"><start_time>0.000000</start_time><end_time>2.400000</end_time></technique></extra>
    </visual_scene>
  </library_visual_scenes>
  <scene>
    <instance_visual_scene url="#Cam"></instance_visual_scene>
  </scene>
</COLLADA>
